111111111111111111111111111111111111111111111111
100000000000000000000000000000000000000000000001
100000000000000000000000000000000111111111000001
100000000000000000000000000000000100000001000001
100000000000000000000000000000000100000001000001
100000000000000000000000000000000100000001000001
100000000000000000000000000000000111222221000001
100000000000000000000000000000000000000000000001
100000000000000000000000000000000000000000000001
100000000000000000000000000000000000000000000001
100000000000000000000000000000000000000000000001
122222222222222222222222222222222222222222222221
100000000000000000000000000000000000000000000001
100000000000000000000000000000000000000000000001
100000000000000000000001000000000000000000000001
100000000000000000000001000000000000000000000001
100000000000000000000011100000000000000000000001
100000000000000000000011100000000000000000000001
100000000000000000000001000000000000000000000001
100000000000000000000001000000000000000000000001
100000000000000000000000000000000000000000000001
122222222222222222222222222222222222222222222221
100000000000000000000020000000000000000000000001
100000000000000000000020000000000000000000000001
100000000000000000000020000000000000000000000001
100000000000000000000021111111111111111111111111
100000000000000000000020000000000000000000000001
100000000000000000000020000000000000000000000001
100000000000000000000020000000000000000000000001
100000000000000000000020000000000000000000000001
100000000000000000000020000000000000000000000001
100000000000000000000222000000000000000000000001
100000000000000000002222200000000000000000000001
100000000000000000022222220000000000000000000001
122222222222222222222222222222222222222222222221
100000000000000000000000000000000000000000000001
100000000000000000000000000000000000000000000001
100000000000000000000000000000000000000000000001
100000000000000000000000000000000000000000000001
100000000000000000000000000000000000000000000001
100000000000000000000000000000000000000000000001
100000000000000000000000000000000000000000000001
100000000000000000000000000000000000000000000001
100000000000000000000000000000000000000000000001
100000000000000000000000000000000000000000000001
100000000000000000000000000000000000000000000001
100000000000000000000000000000000000000000000001
111111111111111111111111111111111111111111111111